date_use,total_cases,new_case,avg_cases,total_deaths,new_deaths,avg_deaths
2020-12-03,409306,157,4354.0,7425,10,20.0
2020-12-02,409149,1729,4476.0,7415,15,22.0
2020-12-01,407420,7287,5039.0,7400,27,23.0
2020-11-30,400133,8446,4760.0,7373,24,23.0
2020-11-29,391687,2826,4245.0,7349,23,25.0
2020-11-28,388861,6306,4139.0,7326,25,26.0
2020-11-27,382555,3725,3696.0,7301,19,26.0
2020-11-26,378830,1016,3850.0,7282,22,26.0
2020-11-25,377814,5664,4334.0,7260,21,28.0
2020-11-24,372150,5334,4234.0,7239,28,27.0
2020-11-23,366816,4847,4191.0,7211,38,28.0
2020-11-22,361969,2082,4172.0,7173,30,26.0
2020-11-21,359887,3206,4136.0,7143,24,25.0
2020-11-20,356681,4798,4051.0,7119,20,24.0
2020-11-19,351883,4405,3846.0,7099,34,24.0
2020-11-18,347478,4964,3677.0,7065,18,22.0
2020-11-17,342514,5035,3432.0,7047,33,21.0
2020-11-16,337479,4717,3161.0,7014,23,19.0
2020-11-15,332762,1826,2945.0,6991,20,18.0
2020-11-14,330936,2615,2844.0,6971,17,17.0
2020-11-13,328321,3363,2747.0,6954,22,16.0
2020-11-12,324958,3221,2609.0,6932,18,15.0
2020-11-11,321737,3246,2510.0,6914,16,14.0
2020-11-10,318491,3138,2400.0,6898,15,13.0
2020-11-09,315353,3208,2231.0,6883,15,13.0
2020-11-08,312145,1120,2046.0,6868,13,12.0
2020-11-07,311025,1932,1999.0,6855,11,13.0
2020-11-06,309093,2395,1885.0,6844,18,13.0
2020-11-05,306698,2532,1735.0,6826,8,12.0
2020-11-04,304166,2472,1559.0,6818,10,13.0
2020-11-03,301694,1961,1379.0,6808,13,14.0
2020-11-02,299733,1909,1286.0,6795,12,14.0
2020-11-01,297824,791,1224.0,6783,18,14.0
2020-10-31,297033,1136,1218.0,6765,13,14.0
2020-10-30,295897,1343,1210.0,6752,9,14.0
2020-10-29,294554,1299,1242.0,6743,17,16.0
2020-10-28,293255,1212,1295.0,6726,13,15.0
2020-10-27,292043,1309,1364.0,6713,17,15.0
2020-10-26,290734,1477,1413.0,6696,13,15.0
2020-10-25,289257,751,1463.0,6683,16,15.0
2020-10-24,288506,1077,1448.0,6667,14,14.0
2020-10-23,287429,1569,1441.0,6653,19,14.0
2020-10-22,285860,1673,1409.0,6634,14,14.0
2020-10-21,284187,1695,1367.0,6620,15,14.0
2020-10-20,282492,1650,1316.0,6605,14,14.0
2020-10-19,280842,1829,1256.0,6591,16,15.0
2020-10-18,279013,641,1213.0,6575,9,15.0
2020-10-17,278372,1033,1192.0,6566,11,16.0
2020-10-16,277339,1340,1194.0,6555,18,15.0
2020-10-15,275999,1380,1181.0,6537,14,14.0
2020-10-14,274619,1339,1157.0,6523,17,15.0
2020-10-13,273280,1227,1154.0,6506,19,16.0
2020-10-12,272053,1529,1108.0,6487,15,15.0
2020-10-11,270524,499,1047.0,6472,16,15.0
2020-10-10,270025,1043,1048.0,6456,9,16.0
2020-10-09,268982,1247,1024.0,6447,10,16.0
2020-10-08,267735,1213,1003.0,6437,22,16.0
2020-10-07,266522,1321,997.0,6415,19,15.0
2020-10-06,265201,902,985.0,6396,17,14.0
2020-10-05,264299,1106,1023.0,6379,14,13.0
2020-10-04,263193,505,1025.0,6365,18,14.0
2020-10-03,262688,873,1023.0,6347,12,14.0
2020-10-02,261815,1098,1003.0,6335,11,15.0
2020-10-01,260717,1173,999.0,6324,13,16.0
2020-09-30,259544,1239,1001.0,6311,14,17.0
2020-09-29,258305,1169,985.0,6297,9,19.0
2020-09-28,257136,1116,974.0,6288,20,20.0
2020-09-27,256020,496,991.0,6268,18,19.0
2020-09-26,255524,727,984.0,6250,20,19.0
2020-09-25,254797,1073,981.0,6230,17,18.0
2020-09-24,253724,1188,963.0,6213,19,18.0
2020-09-23,252536,1124,945.0,6194,27,18.0
2020-09-22,251412,1097,950.0,6167,18,17.0
2020-09-21,250315,1232,930.0,6149,15,17.0
2020-09-20,249083,449,918.0,6134,15,17.0
2020-09-19,248634,703,898.0,6119,16,18.0
2020-09-18,247931,951,887.0,6103,15,18.0
2020-09-17,246980,1058,891.0,6088,18,20.0
2020-09-16,245922,1157,872.0,6070,20,21.0
2020-09-15,244765,963,854.0,6050,20,22.0
2020-09-14,243802,1147,880.0,6030,18,23.0
2020-09-13,242655,307,770.0,6012,19,24.0
2020-09-12,242348,629,779.0,5993,19,25.0
2020-09-11,241719,979,754.0,5974,25,25.0
2020-09-10,240740,925,752.0,5949,25,26.0
2020-09-09,239815,1030,764.0,5924,28,26.0
2020-09-08,238785,1143,790.0,5896,28,25.0
2020-09-07,237642,375,780.0,5868,27,25.0
2020-09-06,237267,373,902.0,5841,21,25.0
2020-09-05,236894,451,907.0,5820,22,27.0
2020-09-04,236443,967,963.0,5798,30,29.0
2020-09-03,235476,1011,973.0,5768,24,28.0
2020-09-02,234465,1207,997.0,5744,23,29.0
2020-09-01,233258,1078,1024.0,5721,28,29.0
2020-08-31,232180,1226,1048.0,5693,29,30.0
2020-08-30,230954,412,1092.0,5664,33,29.0
2020-08-29,230542,838,1104.0,5631,34,28.0
2020-08-28,229704,1042,1112.0,5597,22,29.0
2020-08-27,228662,1175,1150.0,5575,31,30.0
2020-08-26,227487,1397,1172.0,5544,28,31.0
2020-08-25,226090,1248,1174.0,5516,30,33.0
2020-08-24,224842,1533,1204.0,5486,25,33.0
2020-08-23,223309,498,1202.0,5461,29,35.0
2020-08-22,222811,889,1208.0,5432,37,36.0
2020-08-21,221922,1309,1236.0,5395,32,35.0
2020-08-20,220613,1330,1253.0,5363,37,35.0
2020-08-19,219283,1413,1278.0,5326,41,35.0
2020-08-18,217870,1456,1309.0,5285,29,33.0
2020-08-17,216414,1518,1339.0,5256,39,35.0
2020-08-16,214896,540,1414.0,5217,36,36.0
2020-08-15,214356,1087,1429.0,5181,32,36.0
2020-08-14,213269,1425,1457.0,5149,34,37.0
2020-08-13,211844,1509,1522.0,5115,31,37.0
2020-08-12,210335,1629,1571.0,5084,32,37.0
2020-08-11,208706,1664,1626.0,5052,43,38.0
2020-08-10,207042,2044,1701.0,5009,43,38.0
2020-08-09,204998,645,1719.0,4966,40,38.0
2020-08-08,204353,1286,1731.0,4926,35,38.0
2020-08-07,203067,1877,1780.0,4891,33,40.0
2020-08-06,201190,1852,1816.0,4858,36,40.0
2020-08-05,199338,2012,1874.0,4822,34,41.0
2020-08-04,197326,2188,1920.0,4788,47,42.0
2020-08-03,195138,2172,1974.0,4741,41,40.0
2020-08-02,192966,733,2035.0,4700,39,40.0
2020-08-01,192233,1629,2044.0,4661,47,40.0
2020-07-31,190604,2125,2101.0,4614,38,40.0
2020-07-30,188479,2261,2155.0,4576,41,40.0
2020-07-29,186218,2335,2205.0,4535,39,40.0
2020-07-28,183883,2563,2299.0,4496,32,42.0
2020-07-27,181320,2600,2395.0,4464,42,44.0
2020-07-26,178720,792,2509.0,4422,44,43.0
2020-07-25,177928,2031,2548.0,4378,46,42.0
2020-07-24,175897,2506,2594.0,4332,39,40.0
2020-07-23,173391,2605,2704.0,4293,38,40.0
2020-07-22,170786,2999,2818.0,4255,50,41.0
2020-07-21,167787,3229,2823.0,4205,46,39.0
2020-07-20,164558,3403,2846.0,4159,41,39.0
2020-07-19,161155,1062,2868.0,4118,37,41.0
2020-07-18,160093,2352,2893.0,4081,32,40.0
2020-07-17,157741,3279,2909.0,4049,36,40.0
2020-07-16,154462,3401,2909.0,4013,43,41.0
2020-07-15,151061,3038,2902.0,3970,37,39.0
2020-07-14,148023,3386,2952.0,3933,48,39.0
2020-07-13,144637,3556,2962.0,3885,55,37.0
2020-07-12,141081,1238,2842.0,3830,30,34.0
2020-07-11,139843,2464,2834.0,3800,33,35.0
2020-07-10,137379,3282,2611.0,3767,40,35.0
2020-07-09,134097,3350,2358.0,3727,32,34.0
2020-07-08,130747,3388,2343.0,3695,35,35.0
2020-07-07,127359,3456,2348.0,3660,33,34.0
2020-07-06,123903,2714,2290.0,3627,35,35.0
2020-07-05,121189,1182,2323.0,3592,39,34.0
2020-07-04,120007,906,2312.0,3553,28,34.0
2020-07-03,119101,1509,2475.0,3525,33,34.0
2020-07-02,117592,3243,2666.0,3492,41,34.0
2020-07-01,114349,3427,2619.0,3451,29,31.0
2020-06-30,110922,3046,2509.0,3422,38,32.0
2020-06-29,107876,2951,2421.0,3384,32,30.0
2020-06-28,104925,1099,2315.0,3352,40,30.0
2020-06-27,103826,2048,2293.0,3312,24,28.0
2020-06-26,101778,2846,2215.0,3288,31,30.0
2020-06-25,98932,2918,2065.0,3257,25,31.0
2020-06-24,96014,2655,1909.0,3232,37,32.0
2020-06-23,93359,2430,1803.0,3195,21,32.0
2020-06-22,90929,2210,1721.0,3174,30,32.0
2020-06-21,88719,947,1693.0,3144,30,33.0
2020-06-20,87772,1497,1680.0,3114,39,33.0
2020-06-19,86275,1799,1646.0,3075,35,31.0
2020-06-18,84476,1825,1602.0,3040,29,30.0
2020-06-17,82651,1916,1543.0,3011,40,29.0
2020-06-16,80735,1856,1485.0,2971,24,27.0
2020-06-15,78879,2008,1412.0,2947,32,29.0
2020-06-14,76871,856,1348.0,2915,29,30.0
2020-06-13,76015,1259,1325.0,2886,28,31.0
2020-06-12,74756,1497,1300.0,2858,29,32.0
2020-06-11,73259,1412,1284.0,2829,24,33.0
2020-06-10,71847,1510,1302.0,2805,26,36.0
2020-06-09,70337,1341,1277.0,2779,36,39.0
2020-06-08,68996,1561,1286.0,2743,38,38.0
2020-06-07,67435,696,1235.0,2705,35,38.0
2020-06-06,66739,1082,1205.0,2670,35,37.0
2020-06-05,65657,1383,1182.0,2635,40,38.0
2020-06-04,64274,1541,1197.0,2595,45,37.0
2020-06-03,62733,1335,1157.0,2550,45,35.0
2020-06-02,61398,1403,1164.0,2505,30,35.0
2020-06-01,59995,1203,1204.0,2475,37,37.0
2020-05-31,58792,487,1167.0,2438,30,35.0
2020-05-30,58305,919,1170.0,2408,37,36.0
2020-05-29,57386,1490,1145.0,2371,33,36.0
2020-05-28,55896,1264,1071.0,2338,32,37.0
2020-05-27,54632,1385,1025.0,2306,47,37.0
2020-05-26,53247,1683,993.0,2259,40,34.0
2020-05-25,51564,942,889.0,2219,28,35.0
2020-05-24,50622,508,921.0,2191,38,38.0
2020-05-23,50114,743,926.0,2153,34,38.0
2020-05-22,49371,971,928.0,2119,43,40.0
2020-05-21,48400,946,964.0,2076,27,40.0
2020-05-20,47454,1156,1007.0,2049,29,41.0
2020-05-19,46298,957,978.0,2020,47,42.0
2020-05-18,45341,1163,997.0,1973,45,43.0
2020-05-17,44178,548,1000.0,1928,38,40.0
2020-05-16,43630,757,1005.0,1890,52,39.0
2020-05-15,42873,1219,997.0,1838,43,39.0
2020-05-14,41654,1250,966.0,1795,31,40.0
2020-05-13,40404,949,923.0,1764,41,43.0
2020-05-12,39455,1094,930.0,1723,48,44.0
2020-05-11,38361,1181,954.0,1675,28,43.0
2020-05-10,37180,587,918.0,1647,32,45.0
2020-05-09,36593,699,902.0,1615,50,47.0
2020-05-08,35894,999,903.0,1565,50,47.0
2020-05-07,34895,953,892.0,1515,50,45.0
2020-05-06,33942,999,887.0,1465,53,44.0
2020-05-05,32943,1257,886.0,1412,37,42.0
2020-05-04,31686,933,843.0,1375,44,45.0
2020-05-03,30753,474,864.0,1331,44,44.0
2020-05-02,30279,707,883.0,1287,49,43.0
2020-05-01,29572,923,910.0,1238,36,42.0
2020-04-30,28649,918,923.0,1202,45,43.0
2020-04-29,27731,992,931.0,1157,42,44.0
2020-04-28,26739,956,900.0,1115,54,45.0
2020-04-27,25783,1080,888.0,1061,37,43.0
2020-04-26,24703,602,868.0,1024,41,44.0
2020-04-25,24101,899,852.0,983,39,43.0
2020-04-24,23202,1014,811.0,944,44,43.0
2020-04-23,22188,972,785.0,900,51,43.0
2020-04-22,21216,776,755.0,849,47,44.0
2020-04-21,20440,876,765.0,802,40,42.0
2020-04-20,19564,937,735.0,762,47,43.0
2020-04-19,18627,488,698.0,715,36,42.0
2020-04-18,18139,613,690.0,679,38,42.0
2020-04-17,17526,833,671.0,641,39,41.0
2020-04-16,16693,765,635.0,602,58,40.0
2020-04-15,15928,845,607.0,544,35,37.0
2020-04-14,15083,662,573.0,509,47,37.0
2020-04-13,14421,678,579.0,462,42,34.0
2020-04-12,13743,435,559.0,420,37,31.0
2020-04-11,13308,476,581.0,383,30,29.0
2020-04-10,12832,582,598.0,353,30,27.0
2020-04-09,12250,574,627.0,323,35,27.0
2020-04-08,11676,606,634.0,288,40,25.0
2020-04-07,11070,701,635.0,248,25,22.0
2020-04-06,10369,537,626.0,223,17,21.0
2020-04-05,9832,592,637.0,206,23,20.0
2020-04-04,9240,591,605.0,183,21,19.0
2020-04-03,8649,788,577.0,162,26,17.0
2020-04-02,7861,620,518.0,136,22,14.0
2020-04-01,7241,614,483.0,114,19,12.0
2020-03-31,6627,638,457.0,95,17,10.0
2020-03-30,5989,616,406.0,78,11,8.0
2020-03-29,5373,370,360.0,67,15,8.0
2020-03-28,5003,393,343.0,52,8,6.0
2020-03-27,4610,374,315.0,44,9,5.0
2020-03-26,4236,373,297.0,35,4,4.0
2020-03-25,3863,436,275.0,31,7,4.0
2020-03-24,3427,281,239.0,24,3,3.0
2020-03-23,3146,291,229.0,21,7,3.0
2020-03-22,2855,253,219.0,14,4,2.0
2020-03-21,2602,195,207.0,10,3,1.0
2020-03-20,2407,252,200.0,7,3,1.0
2020-03-19,2155,217,185.0,4,4,1.0
2020-03-18,1938,187,177.0,0,0,0.0
2020-03-17,1751,208,169.0,0,0,0.0
2020-03-16,1543,223,153.0,0,0,0.0
2020-03-15,1320,168,134.0,0,0,0.0
2020-03-14,1152,144,116.0,0,0,0.0
2020-03-13,1008,151,102.0,0,0,0.0
2020-03-12,857,157,86.0,0,0,0.0
2020-03-11,700,132,68.0,0,0,0.0
2020-03-10,568,96,52.0,0,0,0.0
2020-03-09,472,87,40.0,0,0,0.0
2020-03-08,385,47,31.0,0,0,0.0
2020-03-07,338,41,28.0,0,0,0.0
2020-03-06,297,43,,0,0,
2020-03-05,254,33,,0,0,
2020-03-04,221,19,,0,0,
2020-03-03,202,13,,0,0,
2020-03-02,189,19,,0,0,
2020-03-01,170,25,,0,0,
