"Date","TotalCases","DailyCases","TotalDeaths","NewDeaths","PercentPosAvg"
"2020-12-10",477011,215,7771,6,0.136
"2020-12-09",476796,1510,7765,17,0.132
"2020-12-08",475286,9054,7748,35,0.13
"2020-12-07",466232,11542,7713,52,0.125
"2020-12-06",454690,3992,7661,33,0.119
"2020-12-05",450698,7779,7628,38,0.117
"2020-12-04",442919,9798,7590,37,0.116
"2020-12-03",433121,9889,7553,49,0.117
"2020-12-02",423232,9085,7504,32,0.117
"2020-12-01",414147,9642,7472,39,0.112
"2020-11-30",404505,9846,7433,35,0.101
"2020-11-29",394659,3048,7398,26,0.092
"2020-11-28",391611,5612,7372,30,0.088
"2020-11-27",385999,4206,7342,24,0.079
"2020-11-26",381793,1561,7318,22,0.074
"2020-11-25",380232,6187,7296,30,0.072
"2020-11-24",374045,5655,7266,31,0.068
"2020-11-23",368390,5227,7235,39,0.068
"2020-11-22",363163,2349,7196,31,0.069
"2020-11-21",360814,3389,7165,28,0.069
"2020-11-20",357425,4944,7137,22,0.069
"2020-11-19",352481,4503,7115,35,0.068
"2020-11-18",347978,5113,7080,21,0.067
"2020-11-17",342865,5108,7059,35,0.065
"2020-11-16",337757,4790,7024,23,0.063
"2020-11-15",332967,1854,7001,22,0.06
"2020-11-14",331113,2646,6979,18,0.059
"2020-11-13",328467,3397,6961,22,0.057
"2020-11-12",325070,3243,6939,19,0.055
"2020-11-11",321827,3270,6920,16,0.054
"2020-11-10",318557,3149,6904,15,0.052
"2020-11-09",315408,3223,6889,15,0.051
"2020-11-08",312185,1122,6874,14,0.05
"2020-11-07",311063,1939,6860,11,0.05
"2020-11-06",309124,2406,6849,18,0.049
"2020-11-05",306718,2535,6831,8,0.048
"2020-11-04",304183,2478,6823,10,0.046
"2020-11-03",301705,1964,6813,13,0.042
"2020-11-02",299741,1914,6800,12,0.04
"2020-11-01",297827,795,6788,18,0.038
"2020-10-31",297032,1136,6770,13,0.038
"2020-10-30",295896,1345,6757,9,0.037
"2020-10-29",294551,1298,6748,17,0.037
"2020-10-28",293253,1212,6731,13,0.036
"2020-10-27",292041,1310,6718,17,0.038
"2020-10-26",290731,1475,6701,13,0.038
"2020-10-25",289256,754,6688,16,0.039
"2020-10-24",288502,1080,6672,14,0.04
"2020-10-23",287422,1570,6658,19,0.04
"2020-10-22",285852,1672,6639,15,0.039
"2020-10-21",284180,1697,6624,15,0.039
"2020-10-20",282483,1651,6609,14,0.038
"2020-10-19",280832,1829,6595,16,0.037
"2020-10-18",279003,643,6579,9,0.037
"2020-10-17",278360,1033,6570,12,0.036
"2020-10-16",277327,1343,6558,19,0.037
"2020-10-15",275984,1380,6539,14,0.036
"2020-10-14",274604,1338,6525,17,0.036
"2020-10-13",273266,1227,6508,19,0.036
"2020-10-12",272039,1529,6489,15,0.035
"2020-10-11",270510,499,6474,16,0.035
"2020-10-10",270011,1042,6458,9,0.035
"2020-10-09",268969,1247,6449,10,0.034
"2020-10-08",267722,1214,6439,22,0.034
"2020-10-07",266508,1320,6417,19,0.034
"2020-10-06",265188,904,6398,17,0.035
"2020-10-05",264284,1108,6381,14,0.036
"2020-10-04",263176,504,6367,18,0.036
"2020-10-03",262672,872,6349,12,0.036
"2020-10-02",261800,1096,6337,11,0.037
"2020-10-01",260704,1176,6326,13,0.038
"2020-09-30",259528,1240,6313,14,0.038
"2020-09-29",258288,1167,6299,9,0.038
"2020-09-28",257121,1116,6290,20,0.037
"2020-09-27",256005,495,6270,18,0.037
"2020-09-26",255510,727,6252,20,0.037
"2020-09-25",254783,1071,6232,17,0.037
"2020-09-24",253712,1188,6215,19,0.036
"2020-09-23",252524,1159,6196,27,0.036
"2020-09-22",251365,1097,6169,18,0.037
"2020-09-21",250268,1238,6151,15,0.037
"2020-09-20",249030,449,6136,15,0.037
"2020-09-19",248581,703,6121,16,0.037
"2020-09-18",247878,949,6105,15,0.037
"2020-09-17",246929,1060,6090,18,0.037
"2020-09-16",245869,1157,6072,20,0.037
"2020-09-15",244712,961,6052,20,0.037
"2020-09-14",243751,1149,6032,18,0.038
"2020-09-13",242602,307,6014,19,0.038
"2020-09-12",242295,629,5995,19,0.038
"2020-09-11",241666,977,5976,25,0.038
"2020-09-10",240689,925,5951,25,0.04
"2020-09-09",239764,1030,5926,28,0.042
"2020-09-08",238734,1149,5898,28,0.043
"2020-09-07",237585,377,5870,26,0.043
"2020-09-06",237208,373,5844,22,0.044
"2020-09-05",236835,451,5822,22,0.044
"2020-09-04",236384,965,5800,30,0.045
"2020-09-03",235419,1018,5770,24,0.046
"2020-09-02",234401,1213,5746,23,0.048
"2020-09-01",233188,1082,5723,28,0.049
"2020-08-31",232106,1229,5695,29,0.05
"2020-08-30",230877,412,5666,33,0.052
"2020-08-29",230465,833,5633,34,0.052
"2020-08-28",229632,1054,5599,22,0.053
"2020-08-27",228578,1181,5577,31,0.054
"2020-08-26",227397,1395,5546,28,0.055
"2020-08-25",226002,1250,5518,30,0.056
"2020-08-24",224752,1532,5488,25,0.057
"2020-08-23",223220,498,5463,29,0.058
"2020-08-22",222722,889,5434,37,0.058
"2020-08-21",221833,1309,5397,32,0.059
"2020-08-20",220524,1330,5365,37,0.06
"2020-08-19",219194,1414,5328,41,0.06
"2020-08-18",217780,1467,5287,29,0.061
"2020-08-17",216313,1519,5258,39,0.061
"2020-08-16",214794,540,5219,36,0.063
"2020-08-15",214254,1086,5183,32,0.063
"2020-08-14",213168,1423,5151,34,0.063
"2020-08-13",211745,1510,5117,31,0.063
"2020-08-12",210235,1630,5086,32,0.064
"2020-08-11",208605,1666,5054,43,0.064
"2020-08-10",206939,2044,5011,43,0.064
"2020-08-09",204895,645,4968,40,0.064
"2020-08-08",204250,1286,4928,35,0.064
"2020-08-07",202964,1877,4893,33,0.065
"2020-08-06",201087,1853,4860,36,0.064
"2020-08-05",199234,2012,4824,34,0.065
"2020-08-04",197222,2188,4790,47,0.065
"2020-08-03",195034,2172,4743,41,0.066
"2020-08-02",192862,733,4702,40,0.064
"2020-08-01",192129,1629,4662,47,0.064
"2020-07-31",190500,2125,4615,38,0.067
"2020-07-30",188375,2260,4577,41,0.072
"2020-07-29",186115,2335,4536,39,0.075
"2020-07-28",183780,2564,4497,32,0.077
"2020-07-27",181216,2599,4465,42,0.078
"2020-07-26",178617,792,4423,44,0.08
"2020-07-25",177825,2030,4379,46,0.08
"2020-07-24",175795,2505,4333,39,0.078
"2020-07-23",173290,2604,4294,38,0.076
"2020-07-22",170686,2999,4256,50,0.075
"2020-07-21",167687,3227,4206,46,0.074
"2020-07-20",164460,3403,4160,41,0.077
"2020-07-19",161057,1061,4119,37,0.08
"2020-07-18",159996,2351,4082,32,0.082
"2020-07-17",157645,3279,4050,36,0.083
"2020-07-16",154366,3402,4014,43,0.084
"2020-07-15",150964,3037,3971,37,0.087
"2020-07-14",147927,3383,3934,48,0.09
"2020-07-13",144544,3556,3886,55,0.092
"2020-07-12",140988,1238,3831,30,0.092
"2020-07-11",139750,2464,3801,33,0.092
"2020-07-10",137286,3280,3768,40,0.093
"2020-07-09",134006,3350,3728,32,0.094
"2020-07-08",130656,3387,3696,35,0.093
"2020-07-07",127269,3456,3661,33,0.094
"2020-07-06",123813,2714,3628,35,0.094
"2020-07-05",121099,1182,3593,39,0.094
"2020-07-04",119917,906,3554,28,0.094
"2020-07-03",119011,1509,3526,33,0.093
"2020-07-02",117502,3242,3493,41,0.092
"2020-07-01",114260,3424,3452,29,0.093
"2020-06-30",110836,3045,3423,38,0.093
"2020-06-29",107791,2953,3385,32,0.093
"2020-06-28",104838,1098,3353,40,0.093
"2020-06-27",103740,2048,3313,24,0.093
"2020-06-26",101692,2847,3289,31,0.094
"2020-06-25",98845,2918,3258,26,0.094
"2020-06-24",95927,2654,3232,37,0.095
"2020-06-23",93273,2430,3195,21,0.096
"2020-06-22",90843,2210,3174,30,0.094
"2020-06-21",88633,947,3144,30,0.093
"2020-06-20",87686,1497,3114,39,0.091
"2020-06-19",86189,1799,3075,35,0.088
"2020-06-18",84390,1826,3040,29,0.084
"2020-06-17",82564,1916,3011,40,0.081
"2020-06-16",80648,1857,2971,24,0.077
"2020-06-15",78791,2008,2947,32,0.072
"2020-06-14",76783,856,2915,29,0.071
"2020-06-13",75927,1259,2886,28,0.07
"2020-06-12",74668,1497,2858,29,0.068
"2020-06-11",73171,1412,2829,24,0.068
"2020-06-10",71759,1510,2805,26,0.067
"2020-06-09",70249,1340,2779,36,0.067
"2020-06-08",68909,1562,2743,38,0.07
"2020-06-07",67347,696,2705,35,0.069
"2020-06-06",66651,1082,2670,35,0.069
"2020-06-05",65569,1383,2635,40,0.071
"2020-06-04",64186,1542,2595,45,0.072
"2020-06-03",62644,1335,2550,45,0.073
"2020-06-02",61309,1403,2505,30,0.072
"2020-06-01",59906,1203,2475,37,0.074
"2020-05-31",58703,487,2438,30,0.077
"2020-05-30",58216,919,2408,37,0.077
"2020-05-29",57297,1489,2371,33,0.076
"2020-05-28",55808,1264,2338,32,0.074
"2020-05-27",54544,1385,2306,47,0.073
"2020-05-26",53159,1683,2259,40,0.075
"2020-05-25",51476,942,2219,28,0.071
"2020-05-24",50534,508,2191,38,0.069
"2020-05-23",50026,743,2153,34,0.069
"2020-05-22",49283,971,2119,43,0.068
"2020-05-21",48312,945,2076,27,0.068
"2020-05-20",47367,1156,2049,29,0.068
"2020-05-19",46211,957,2020,47,0.064
"2020-05-18",45254,1163,1973,45,0.063
"2020-05-17",44091,548,1928,38,0.062
"2020-05-16",43543,757,1890,52,0.062
"2020-05-15",42786,1121,1838,43,0.062
"2020-05-14",41665,1250,1795,31,0.061
"2020-05-13",40415,949,1764,41,0.059
"2020-05-12",39466,1095,1723,48,0.058
"2020-05-11",38371,1180,1675,28,0.059
"2020-05-10",37191,587,1647,32,0.057
"2020-05-09",36604,699,1615,50,0.056
"2020-05-08",35905,999,1565,50,0.055
"2020-05-07",34906,953,1515,50,0.054
"2020-05-06",33953,999,1465,53,0.055
"2020-05-05",32954,1257,1412,37,0.059
"2020-05-04",31697,933,1375,44,0.061
"2020-05-03",30764,474,1331,44,0.067
"2020-05-02",30290,707,1287,49,0.069
"2020-05-01",29583,923,1238,36,0.075
"2020-04-30",28660,918,1202,45,0.084
"2020-04-29",27742,992,1157,42,0.096
"2020-04-28",26750,956,1115,54,0.101
"2020-04-27",25794,1080,1061,37,0.103
"2020-04-26",24714,602,1024,41,0.111
"2020-04-25",24112,900,983,39,0.112
"2020-04-24",23212,1014,944,44,0.114
"2020-04-23",22198,972,900,51,0.113
"2020-04-22",21226,776,849,47,0.108
"2020-04-21",20450,876,802,40,0.109
"2020-04-20",19574,937,762,47,0.116
"2020-04-19",18637,489,715,36,0.119
"2020-04-18",18148,613,679,38,0.122
"2020-04-17",17535,833,641,39,0.125
"2020-04-16",16702,765,602,58,0.128
"2020-04-15",15937,846,544,35,0.129
"2020-04-14",15091,662,509,47,0.134
"2020-04-13",14429,678,462,42,0.139
"2020-04-12",13751,435,420,37,0.133
"2020-04-11",13316,476,383,30,0.135
"2020-04-10",12840,582,353,30,0.139
"2020-04-09",12258,574,323,35,0.145
"2020-04-08",11684,606,288,40,0.154
"2020-04-07",11078,701,248,25,0.154
"2020-04-06",10377,537,223,17,0.149
"2020-04-05",9840,592,206,23,0.149
"2020-04-04",9248,591,183,21,0.145
"2020-04-03",8657,788,162,26,0.142
"2020-04-02",7869,620,136,22,0.146
"2020-04-01",7249,614,114,19,0.146
"2020-03-31",6635,638,95,17,0.144
"2020-03-30",5997,616,78,11,0.142
"2020-03-29",5381,370,67,15,0.138
"2020-03-28",5011,393,52,8,0.137
"2020-03-27",4618,375,44,9,0.136
"2020-03-26",4243,373,35,4,0.132
"2020-03-25",3870,436,31,7,0.128
"2020-03-24",3434,281,24,3,0.125
"2020-03-23",3153,291,21,7,0.121
"2020-03-22",2862,253,14,4,0.12
"2020-03-21",2609,195,10,3,0.112
"2020-03-20",2414,252,7,3,0.11
"2020-03-19",2162,217,4,4,0.111
"2020-03-18",1945,187,0,0,0.112
"2020-03-17",1758,208,0,0,0.113
"2020-03-16",1550,222,0,0,0.116
"2020-03-15",1328,168,0,0,NA
"2020-03-14",1160,144,0,0,NA
"2020-03-13",1016,152,0,0,NA
"2020-03-12",864,157,0,0,NA
"2020-03-11",707,132,0,0,NA
"2020-03-10",575,96,0,0,NA
"2020-03-09",479,87,0,0,NA
"2020-03-08",392,47,0,0,NA
"2020-03-07",345,41,0,0,NA
"2020-03-06",304,43,0,0,NA
"2020-03-05",261,33,0,0,NA
"2020-03-04",228,19,0,0,NA
"2020-03-03",209,13,0,0,NA
"2020-03-02",196,19,0,0,NA
"2020-03-01",177,25,0,0,NA
