,CITY,ASIAN,BLACK,LATINO,WHITE,NON.WHITE,TOTAL.POP,TOTAL.CASES
0,Agoura Hills,0.005555167575597895,0.0,0.023195658897292432,0.009864352085585495,0.018021997134788522,20883,271
1,Alhambra,0.004239210568292795,0.00664753285127641,0.016810767935868724,0.00691247075476931,0.012955748480445903,86724,1738
2,Arcadia,0.004034983053487154,0.004721346150214349,0.015833201231021856,0.0066075415104736804,0.012337185920158098,57754,716
3,Arleta,0.011997144094478973,0.017556796235822885,0.0478547170295814,0.019507551373136537,0.03693399761130483,34370,2197
4,Artesia,0.006857072074463379,0.010175010175010175,0.027576137236711654,0.011227597434493985,0.02123121202958821,16795,516
5,Atwater Village,0.004773373847912127,0.00479772779611576,0.020425414243112706,0.008169104085278186,0.0157992013028902,14666,383
6,Avalon,0.0,0.0,0.0013727797004320138,0.0,0.0006237431575375618,3869,5
7,Azusa,0.008046657740241013,0.013253318630985198,0.03416160661652862,0.01403391663509831,0.026305408863908315,50040,2063
8,Baldwin Park,0.008725950776240443,0.013200797328158622,0.034687736816559116,0.014271132246657967,0.026757987672736214,76769,4119
9,Bell,0.00454541322351615,0.010227179752911337,0.033887634197812794,0.013405116964267967,0.0260841991572659,36332,2064
10,Bell Gardens,0.004539882871021928,0.007566471451703212,0.03551477208600931,0.014006021623365521,0.027391738203962315,43071,2651
11,Bellflower,0.009244495005185755,0.015516913603276278,0.03705389516320589,0.01538027255804515,0.028592592816000927,77735,3150
12,Beverly Crest,0.004607445632141541,0.01084104854621539,0.02981288350209232,0.01421726080775104,0.025064504238849983,12525,187
13,Beverly Hills,0.012057546390437355,0.01900313762916855,0.04865155143023244,0.020345385872467606,0.037681435298864134,34520,916
14,Beverlywood,0.01577144917087239,0.019580200501253132,0.0593183779119931,0.02734375,0.049342105263157895,13173,229
15,Boyle Heights,0.008984144781289978,0.014374631650063965,0.03563455893889528,0.014015265858812367,0.02746948104352785,86884,5664
16,Bradbury,0.004217345096914591,0.0,0.026509026323463136,0.010737960360222778,0.01861105682886203,1069,22
17,Brentwood,0.00638080653394589,0.010634677556576485,0.026941183143327094,0.011594577193512128,0.021403971284755203,30955,470
18,Burbank,0.00736802140020145,0.011214561984130149,0.029503542997675734,0.012257185660659257,0.02276785938957167,107180,2487
19,Calabasas,0.007381396771166155,0.008646779074794638,0.030182153374283177,0.012990954138814058,0.023933049224878017,24323,398
20,Canoga Park,0.011170920671737927,0.017913622261127308,0.04403425695402605,0.018175488193918874,0.03396924132640969,65289,2852
21,Carson,0.005629301953743065,0.009275873111819481,0.022142157063983252,0.009119774276280771,0.01710592169447098,93846,2469
22,Carthay,0.014506419090447522,0.030505034936292644,0.08142754112090828,0.03484384977607494,0.06476898413013793,14363,320
23,Century City,0.012655077427982065,0.0,0.0535923354715301,0.02550445503465638,0.0456064885595087,12792,181
24,Cerritos,0.0038719319778990125,0.006330670834056838,0.015251031052385454,0.006339283991654195,0.011795882870546412,50067,775
25,Chatsworth,0.010295985832723493,0.015551978600477443,0.04097274362150477,0.016968305418735032,0.03167072026948541,37061,1032
26,Cheviot Hills,0.0063291639965506056,0.011076036993963558,0.02949161657428851,0.012790854904196496,0.023771683171006697,9171,129
27,Chinatown,0.00442173963028361,0.0,0.017712046405561583,0.004162330905306972,0.01387443635102324,8021,204
28,Claremont,0.0057950731736645805,0.009016270762217497,0.023329842970107727,0.009665965752340997,0.01804264378859434,36484,618
29,Commerce,0.0,0.0,0.03752386083599758,0.01444950980038002,0.02892924870076084,13069,799
30,Compton,0.008324655510619233,0.01557307643489528,0.03711058550861907,0.014568147143583659,0.028634312677381077,99904,5276
31,Covina,0.008611208348786781,0.014197202483007201,0.03512724060371156,0.014509881322192471,0.027095475082824554,49032,1897
32,Cudahy,0.005901236899254084,0.0,0.03602396853425254,0.013143664002884095,0.027740751700050057,24347,1478
33,Culver City,0.003979584313567785,0.006741607661548182,0.01623691521126175,0.00672067099179182,0.01255738525739052,39865,578
34,Del Rey,0.0040512380330226545,0.006491188212002207,0.016682207176895066,0.00693029800281412,0.012874189953804375,29936,537
35,Diamond Bar,0.0038121757578771153,0.006125424185624855,0.015148898523588347,0.006269143685125761,0.011697920247402604,57515,840
36,Downey,0.010199068182911346,0.017038020075579592,0.04101063223209361,0.017006371655421716,0.03163308874326358,114263,5638
37,Downtown,0.008597673874046101,0.014169946284632032,0.034048938304204364,0.013742541900345292,0.026309630413110047,27507,1166
38,Duarte,0.007329438469730518,0.011769224761164982,0.029696129762800273,0.012255556362866014,0.02296342132014249,22016,739
39,Eagle Rock,0.0066960028854621675,0.009718692447118165,0.026575680091127093,0.01105039247482731,0.02051723961058279,39589,982
40,East Hollywood,0.0022677942255853417,0.003379885624670461,0.009020489448623813,0.0037082173710670206,0.006948225478110428,29287,909
41,Echo Park,0.0017092803403834574,0.002471882338400692,0.006759053269064392,0.00268266300291548,0.005221886914646697,14256,390
42,El Monte,0.00832323346925623,0.012043114349370746,0.03296135139167679,0.013551449610348688,0.02542620844296182,117269,5821
43,El Segundo,0.003738352694884999,0.0,0.01763014389845037,0.007504405812444726,0.013697557921102067,16786,178
44,El Sereno,0.006854074190212553,0.010054322065789737,0.02748487970764267,0.010963021727712425,0.02120817041427362,41808,1803
45,Elysian Park,0.009107302234931969,0.0,0.04068821204371076,0.0,0.03181634625974376,5712,139
46,Elysian Valley,0.007932008934614864,0.0,0.03484189104918477,0.012560377034606633,0.026984641691181463,10171,363
47,Encino,0.009740204398189295,0.016903313049357674,0.04126981898832794,0.017309230899628658,0.032137779938950214,45172,1035
48,Exposition Park,0.008048419290451355,0.01639258102202166,0.03913741145160658,0.014633489619002463,0.03018568707298116,44917,1809
49,Gardena,0.005722825987429113,0.009459662657134526,0.022680147267580705,0.009345231254024028,0.017512834716274704,61310,1598
50,Glassell Park,0.007102171844149942,0.009131363799621353,0.029203786796368446,0.011819672850118151,0.02251627133904315,31604,981
51,Glendale,0.009153055794857813,0.014355514311935071,0.036098049836862975,0.014992357830394298,0.02784648084317938,206493,5775
52,Glendora,0.010424635252743748,0.015330345959917276,0.04139193409177665,0.017201013175264325,0.031960032217656816,52764,1611
53,Granada Hills,0.011290237404556522,0.01862424993743416,0.04524404406827528,0.018789938647463134,0.03490738980548579,58191,1910
54,Green Meadows,0.0,0.01182484433351462,0.028148866809833667,0.005872473368333275,0.021729333047011853,21505,1196
55,Hancock Park,0.01167929587861007,0.01878932336962357,0.050399596803225574,0.02091921029836853,0.03933756925849031,17039,324
56,Harbor City,0.005418257903657957,0.00912326603404089,0.022677455723591287,0.009300263400369069,0.017509870835519466,29070,665
57,Harbor Gateway,0.00614165490828462,0.010047697191467682,0.02420565806549513,0.00982237725444911,0.01865457598748698,43600,1318
58,Harvard Heights,0.0060677868879979585,0.010423952224673159,0.024993546714926936,0.008151673293977054,0.01925042516455636,18035,707
59,Harvard Park,0.0,0.05758718137433916,0.1390244993405403,0.04414348398032966,0.10732802990808969,37935,2078
60,Hawaiian Gardens,0.006026660439117546,0.010202743080353889,0.029515078196738036,0.011071915164525584,0.022800358033344962,14676,663
61,Hawthorne,0.0057960934330261405,0.009767490785284792,0.02331550706769339,0.009615224764865071,0.017980533244588554,88787,2660
62,Hermosa Beach,0.007746293398608765,0.007746293398608766,0.03064837822927816,0.013284573837896775,0.024418779190316375,19670,326
63,Hidden Hills,0.0,0.0,0.017204301075268817,0.010221721157459602,0.01415929203539823,1890,24
64,Highland Park,0.004653044207642409,0.007238068767443745,0.018930948919932977,0.007686444708789818,0.014590379882964393,48391,1627
65,Hollywood,0.005067801757730842,0.008649373192281002,0.020828768158635793,0.008650578679833935,0.016074011894768803,68254,1763
66,Hollywood Hills,0.008987856714205513,0.016112010698375104,0.03893021733902602,0.016190831263532473,0.029867873114121028,29434,536
67,Huntington Park,0.0061104774319700175,0.01357883873771115,0.035296413627362744,0.014121992287219597,0.02721367268671183,59484,3716
68,Hyde Park,0.002481481941015174,0.00885061892295412,0.021097141337348788,0.008188890405350074,0.016294220704523108,28541,1020
69,Industry,0.0,0.0,0.0382789771857296,0.012400793650793652,0.028717627401837927,437,50
70,Inglewood,0.00565747085190196,0.010154881486018607,0.024177781488516424,0.00977934247257339,0.01865113232932084,113582,3849
71,Irwindale,0.0,0.0,0.037656157780838084,0.008387010198604402,0.028829777167999244,1459,90
72,Jefferson Park,0.0014908239784128688,0.004526625797702322,0.010688112219400945,0.0032025107684424585,0.008309083694689608,8073,352
73,Koreatown,0.0024289832761802566,0.0038020335447988183,0.009600007796960647,0.00387543187577949,0.007404639227019482,51693,1527
74,La Habra Heights,0.003400949885302965,0.0,0.015168522282559231,0.00642002472479922,0.012273095465591242,5455,69
75,La Mirada,0.006412722842118764,0.008801776449966929,0.025523274993507514,0.010573928211595971,0.019685006087859856,49599,1175
76,La Puente,0.0077896179971334205,0.01155073789963949,0.03137306427235146,0.012738375958972238,0.024201939098041823,40697,2059
77,La Verne,0.006528858779968481,0.010784275663340797,0.027690629214167636,0.011465033064589182,0.021221057999751724,33282,734
78,Lake Balboa,0.01594040912466525,0.025933304256598257,0.06557648383733256,0.027196289853510514,0.05047980079893992,42206,1547
79,Lakewood,0.0063875280412481,0.01043383151880608,0.025185110562635372,0.010449653904573374,0.019430022404716592,80362,1758
80,Lancaster,0.012949691298465545,0.022203606317264698,0.05290513974463239,0.02195748784806514,0.04082014643480823,161570,5749
81,Lawndale,0.005402898655128476,0.00923771465460185,0.02255503971010218,0.009269679065171406,0.017397010004211292,33614,925
82,Leimert Park,0.005535341309145122,0.012582006962328193,0.02903626406025248,0.007072936117240989,0.023366461018901406,15235,436
83,Lincoln Heights,0.008945568007786222,0.009392846408175533,0.03581770002325493,0.01252379521090071,0.027647597238452958,32597,1463
84,Lomita,0.004276925814155599,0.007322931515944464,0.017638631978379636,0.007361568957214188,0.01372588351458705,20729,315
85,Los Feliz,0.0029429508968642857,0.004601911634092801,0.012140515540922187,0.005025351419868701,0.00937024460086506,21608,345
86,Lynwood,0.008345374516564375,0.015597155380045127,0.037370994176615116,0.014799678945631407,0.02881898347106062,72047,4283
87,Malibu,0.0,0.0,0.021793772792654046,0.009358887415464048,0.016410192013516293,12961,145
88,Manchester Square,0.0,0.007461962645414998,0.017519837847162323,0.0,0.013810664647356403,8536,267
89,Manhattan Beach,0.006633756914506983,0.005875613267134757,0.027073904270130747,0.011304542484721257,0.020868557466030346,35999,496
90,Mar Vista,0.003742040459821932,0.005635072692437733,0.01510431855704959,0.006261191880486369,0.011686701066451968,42471,498
91,Maywood,0.0,0.0,0.037123210495030805,0.013989144423927033,0.028574907801960942,28049,1797
92,Mission Hills,0.013836510862429723,0.023304271535888578,0.05657270482592793,0.023257001208229575,0.043712403278584715,24124,1289
93,Monrovia,0.006390909570227308,0.011401067072812915,0.028010158350761875,0.011581794453837259,0.021607926595248097,38800,1041
94,Montebello,0.008352870555989716,0.009683666881859263,0.033769681696443614,0.013770351987965009,0.026029609631933716,64375,3158
95,Monterey Park,0.004478541681964937,0.0,0.017554324551304512,0.007215264252288929,0.013568066774637006,62262,1254
96,North Hills,0.009880217797051064,0.016087516087516088,0.03983509271659499,0.016499351310881243,0.030711118940734746,61575,2751
97,North Hollywood,0.014873789138347873,0.02431478191934466,0.059129580516589494,0.024501687999786855,0.04561048365413176,151421,5937
98,Northridge,0.010064285624426022,0.01640771432818131,0.040137329573603775,0.016670939691735023,0.030995959344722716,69797,2117
99,Norwalk,0.00811453685328694,0.013292512552975732,0.03244166624346978,0.013409904055450719,0.025020741979817636,107622,4617
100,Pacific Palisades,0.00379737221842485,0.0,0.016969507101086048,0.007260438530487243,0.013190871916633687,21291,210
101,Pacoima,0.00982272782764761,0.01777445987860044,0.04271788269304995,0.017388058576891734,0.032949824208914964,76979,5274
102,Palmdale,0.013974262901301528,0.023078419234418484,0.055080846517592895,0.022861988759787868,0.04249181645462047,158968,6938
103,Palms,0.004378293801949032,0.0073210814393246115,0.017779063495363887,0.007364341917803512,0.013714147266703784,43877,736
104,Palos Verdes Estates,0.0038997842119402725,0.0,0.01550948663599235,0.006950167300455732,0.01285071749839366,13522,129
105,Panorama City,0.011116571434704708,0.01768072708807619,0.043750845679769924,0.01798206817583818,0.033726835994970006,75250,4255
106,Paramount,0.009248683218726735,0.015494547210594138,0.03722021205800471,0.015233403156483,0.028692976009080474,56023,3148
107,Pico Rivera,0.007600829757248499,0.009501037196560624,0.032733000732177955,0.013301452075184874,0.025233385275189837,64284,3372
108,Playa Vista,0.015619142821441959,0.017613075947583486,0.0701739362107026,0.026827324012754478,0.05388142168580274,10947,180
109,Pomona,0.009150257205411629,0.015283946101346896,0.03640469354564107,0.015071011867736798,0.028070142804947306,155931,7719
110,Porter Ranch,0.008683461479266588,0.013374526876111757,0.033703807727801634,0.014296908039981534,0.026680641850043915,35588,608
111,Rancho Palos Verdes,0.0036510895812123384,0.004611902628899796,0.014268073758158745,0.005976012363482817,0.011129934368534386,42747,403
112,Rancho Park,0.007675677058680551,0.006467468632777131,0.03449316604147803,0.014776446344526826,0.02735878817318671,6560,120
113,Redondo Beach,0.004775190612436309,0.007185239793007611,0.018756693131298977,0.007813948274895777,0.014472432312807898,68697,819
114,Reseda,0.012493738769995728,0.020296341909878116,0.049471838211559774,0.020450757170908836,0.038160830330494305,76617,3444
115,Rolling Hills,0.0,0.0,0.006341877956900597,0.002858428566645079,0.005200870625742749,1940,14
116,Rolling Hills Estates,0.0024363533150850475,0.0,0.010713428639994516,0.004985274530473092,0.009138341780339692,8113,63
117,Rosemead,0.004595645027743793,0.006256256256256256,0.01821943895114627,0.007507507507507508,0.014076576576576577,55350,1243
118,San Dimas,0.00697137931908637,0.01056269593800965,0.02839792039844467,0.011773583942745296,0.021971485377176195,34516,822
119,San Fernando,0.0,0.006070244873678205,0.03869357207188174,0.015403246366958443,0.029790386526801185,24612,1491
120,San Gabriel,0.0053588242718736545,0.007632422530911311,0.02108958857225494,0.008626684469803973,0.016293589664455543,40954,948
121,San Marino,0.0026353221450731664,0.0,0.009635396592923763,0.004379725724056257,0.008258911365363227,13277,110
122,San Pedro,0.007025541747330295,0.011670845307040488,0.02850012795975819,0.011811669986461791,0.0219579656045592,78038,2417
123,Santa Clarita,0.012091981135532297,0.020263810618660186,0.04832544063827138,0.02007873893629174,0.03727343006592532,220424,5750
124,Santa Fe Springs,0.006230296686728221,0.010195030941918908,0.029524297008476058,0.0119738514448058,0.022762173043591228,18364,758
125,Santa Monica,0.006030187116706233,0.009854091486744548,0.024314310028595743,0.010108104678331085,0.018730232767067017,92446,1402
126,Shadow Hills,0.002212971999265293,0.0,0.010108732721382577,0.004133876628069177,0.007653420276187672,4442,115
127,Sherman Oaks,0.01032565391505773,0.01746365330709574,0.04184223316709127,0.017434451557346232,0.032385901162972096,87254,1693
128,Sierra Madre,0.0036359934261238854,0.0,0.018143239924294945,0.007848257508463631,0.014295661958321229,10989,120
129,Signal Hill,0.00912930924793321,0.0162777306401828,0.03941736669678749,0.015920663429064584,0.03061914776817537,11797,375
130,South El Monte,0.007961149590000795,0.0,0.032306381978912745,0.01217587584353063,0.02496562821901198,20885,1107
131,South Gate,0.006914338263256515,0.01382867652651303,0.03628338417624185,0.014766213918141032,0.02797331112456701,98155,5860
132,South Park,0.0,0.02117764078349073,0.05093897935807375,0.016395592864637987,0.03928317805547606,37961,2538
133,South Pasadena,0.004821935563510678,0.0076198487917205765,0.019167942612713252,0.007919199994252456,0.0147665295536327,26053,386
134,Studio City,0.004352945529416117,0.007147065970595381,0.01789961222009904,0.007533944185527896,0.013889853462045975,22440,376
135,Sun Valley,0.005859672561497263,0.009714720299324412,0.023803864364554984,0.009869783672019135,0.018355192338648706,52483,2583
136,Sunland,0.012874320879573603,0.017032486629498,0.05466239895048194,0.022736226373942108,0.04241137696347934,20408,657
137,Sylmar,0.012272711499022836,0.020354741022769587,0.04988631074694196,0.02064465112729179,0.03846662803189835,82398,4927
138,Tarzana,0.010703622331136272,0.01721342772551155,0.04253094966014414,0.01776898518457075,0.03297415537614282,30876,1060
139,Temple City,0.005538670843812602,0.006674141705376687,0.02204439415495108,0.00914409965933499,0.017030382590698678,36455,691
140,Toluca Lake,0.005140066820868671,0.009698239284657871,0.028453941329808715,0.011616979949807496,0.021493161973383232,8704,150
141,Torrance,0.004410776307276782,0.007249896688972183,0.017422232353344003,0.007249896688972181,0.013455445003123739,149268,1915
142,Tujunga,0.008567600078136513,0.01256581344793355,0.03625309397047496,0.015029292525864513,0.028009294097683952,27810,808
143,University Park,0.012108589833627975,0.019979173225486157,0.04948783203492188,0.020442148719124874,0.03828427295719557,27456,1434
144,Valley Glen,0.0037518524771605975,0.006060684770797889,0.015725408225621136,0.006496878719943921,0.012139258221556811,30016,1037
145,Valley Village,0.009395317373820886,0.01503250779811342,0.03762103803443201,0.015742438826060304,0.02917344794153393,24720,693
146,Van Nuys,0.00813096270598439,0.01349137515659632,0.03271698296534692,0.013558122838261605,0.02522583892831914,93194,4532
147,Venice,0.00388122167921056,0.006384849243886506,0.016621883320490076,0.006857631035489893,0.012816343282421089,33885,496
148,Vermont Knolls,0.004042167895485707,0.012069571744267182,0.02874760139982128,0.009701202949165696,0.022195176444303334,17200,887
149,Vermont Square,0.0,0.0027040230454870753,0.006448975316449264,0.0015773467765341277,0.004994398211297714,7657,440
150,Vermont Vista,0.010733759821390236,0.029577471507830872,0.0706244312240417,0.019515926947982248,0.05448278493769361,41186,2431
151,Vernon,0.0,0.0,0.13786131152061026,0.0,0.06519896550974724,209,19
152,Walnut,0.003558244428619481,0.005262456233905655,0.013959744285404179,0.0057649970994858345,0.010796106531399086,30532,443
153,Watts,0.0,0.018084155753635228,0.043257706574289484,0.016297704739915795,0.03335979094167019,42674,2454
154,West Adams,0.0054055807215369145,0.015275078501683435,0.036463623692787266,0.011486859033265944,0.02815222008972555,27630,1180
155,West Covina,0.007727614685676543,0.012765227906985761,0.030570137250277962,0.012670624627571231,0.023572448651453075,108235,3929
156,West Hills,0.007751969798325666,0.012366671819446591,0.03161933135653958,0.013227164263865065,0.02461293503584015,40545,826
157,West Hollywood,0.009799529622578115,0.016999184039166122,0.041686887918268814,0.017447438385026482,0.032168668669861296,36951,889
158,West Los Angeles,0.022174085977246617,0.032914658872475445,0.0894285071252163,0.039137117199084234,0.07221447903695041,37636,697
159,Westchester,0.00426706827309237,0.007548265350558862,0.01796276013143483,0.0074638899767329354,0.013892046172109823,51603,632
160,Westlake,0.004610867581427775,0.007407917730628851,0.0183028049107567,0.007490227927635837,0.014117707088737705,59355,2941
161,Westlake Village,0.0018618298808801242,0.0,0.01026075134351713,0.004725346013461836,0.00796092776652191,8360,52
162,Westwood,0.005420741709246592,0.008347942232239752,0.02176427796262507,0.009057981833869048,0.01681964102048306,54109,715
163,Whittier,0.007847214113434305,0.011927765452420141,0.03236314855728333,0.013438830078467977,0.024955388450532447,87432,3285
164,Wilmington,0.0064703560636941845,0.010452113641352146,0.02763723681247666,0.011222023797969601,0.021298255376326694,56487,2322
165,Winnetka,0.009620452532343619,0.015357566251797704,0.03798758561504577,0.015755537318996465,0.029336680648595338,51786,1973
166,Woodland Hills,0.010151251283366042,0.016761368398116025,0.041021243711178684,0.017189500413393573,0.03190066888673695,68055,1477
