date_use,total_cases,new_case,avg_cases,total_deaths,new_deaths,avg_deaths
2020-12-10,477011,215,6270.0,7771,6,31.0
2020-12-09,476796,1510,7652.0,7765,17,37.0
2020-12-08,475286,9054,8734.0,7748,35,39.0
2020-12-07,466232,11542,8818.0,7713,52,40.0
2020-12-06,454690,3992,8576.0,7661,33,38.0
2020-12-05,450698,7779,8441.0,7628,38,37.0
2020-12-04,442919,9798,8131.0,7590,37,35.0
2020-12-03,433121,9889,7333.0,7553,49,34.0
2020-12-02,423232,9085,6143.0,7504,32,30.0
2020-12-01,414147,9642,5729.0,7472,39,29.0
2020-11-30,404505,9846,5159.0,7433,35,28.0
2020-11-29,394659,3048,4499.0,7398,26,29.0
2020-11-28,391611,5612,4400.0,7372,30,30.0
2020-11-27,385999,4206,4082.0,7342,24,29.0
2020-11-26,381793,1561,4187.0,7318,22,29.0
2020-11-25,380232,6187,4608.0,7296,30,31.0
2020-11-24,374045,5655,4454.0,7266,31,30.0
2020-11-23,368390,5227,4376.0,7235,39,30.0
2020-11-22,363163,2349,4314.0,7196,31,28.0
2020-11-21,360814,3389,4243.0,7165,28,27.0
2020-11-20,357425,4944,4137.0,7137,22,25.0
2020-11-19,352481,4503,3916.0,7115,35,25.0
2020-11-18,347978,5113,3736.0,7080,21,23.0
2020-11-17,342865,5108,3473.0,7059,35,22.0
2020-11-16,337757,4790,3193.0,7024,23,19.0
2020-11-15,332967,1854,2969.0,7001,22,18.0
2020-11-14,331113,2646,2864.0,6979,18,17.0
2020-11-13,328467,3397,2763.0,6961,22,16.0
2020-11-12,325070,3243,2622.0,6939,19,15.0
2020-11-11,321827,3270,2521.0,6920,16,14.0
2020-11-10,318557,3149,2407.0,6904,15,13.0
2020-11-09,315408,3223,2238.0,6889,15,13.0
2020-11-08,312185,1122,2051.0,6874,14,12.0
2020-11-07,311063,1939,2004.0,6860,11,13.0
2020-11-06,309124,2406,1890.0,6849,18,13.0
2020-11-05,306718,2535,1738.0,6831,8,12.0
2020-11-04,304183,2478,1561.0,6823,10,13.0
2020-11-03,301705,1964,1381.0,6813,13,14.0
2020-11-02,299741,1914,1287.0,6800,12,14.0
2020-11-01,297827,795,1224.0,6788,18,14.0
2020-10-31,297032,1136,1219.0,6770,13,14.0
2020-10-30,295896,1345,1211.0,6757,9,14.0
2020-10-29,294551,1298,1243.0,6748,17,16.0
2020-10-28,293253,1212,1296.0,6731,13,15.0
2020-10-27,292041,1310,1365.0,6718,17,16.0
2020-10-26,290731,1475,1414.0,6701,13,15.0
2020-10-25,289256,754,1465.0,6688,16,16.0
2020-10-24,288502,1080,1449.0,6672,14,15.0
2020-10-23,287422,1570,1442.0,6658,19,14.0
2020-10-22,285852,1672,1410.0,6639,15,14.0
2020-10-21,284180,1697,1368.0,6624,15,14.0
2020-10-20,282483,1651,1317.0,6609,14,14.0
2020-10-19,280832,1829,1256.0,6595,16,15.0
2020-10-18,279003,643,1213.0,6579,9,15.0
2020-10-17,278360,1033,1193.0,6570,12,16.0
2020-10-16,277327,1343,1194.0,6558,19,16.0
2020-10-15,275984,1380,1180.0,6539,14,14.0
2020-10-14,274604,1338,1157.0,6525,17,15.0
2020-10-13,273266,1227,1154.0,6508,19,16.0
2020-10-12,272039,1529,1108.0,6489,15,15.0
2020-10-11,270510,499,1048.0,6474,16,15.0
2020-10-10,270011,1042,1048.0,6458,9,16.0
2020-10-09,268969,1247,1024.0,6449,10,16.0
2020-10-08,267722,1214,1003.0,6439,22,16.0
2020-10-07,266508,1320,997.0,6417,19,15.0
2020-10-06,265188,904,986.0,6398,17,14.0
2020-10-05,264284,1108,1023.0,6381,14,13.0
2020-10-04,263176,504,1024.0,6367,18,14.0
2020-10-03,262672,872,1023.0,6349,12,14.0
2020-10-02,261800,1096,1002.0,6337,11,15.0
2020-10-01,260704,1176,999.0,6326,13,16.0
2020-09-30,259528,1240,1001.0,6313,14,17.0
2020-09-29,258288,1167,989.0,6299,9,19.0
2020-09-28,257121,1116,979.0,6290,20,20.0
2020-09-27,256005,495,996.0,6270,18,19.0
2020-09-26,255510,727,990.0,6252,20,19.0
2020-09-25,254783,1071,986.0,6232,17,18.0
2020-09-24,253712,1188,969.0,6215,19,18.0
2020-09-23,252524,1159,951.0,6196,27,18.0
2020-09-22,251365,1097,950.0,6169,18,17.0
2020-09-21,250268,1238,931.0,6151,15,17.0
2020-09-20,249030,449,918.0,6136,15,17.0
2020-09-19,248581,703,898.0,6121,16,18.0
2020-09-18,247878,949,887.0,6105,15,18.0
2020-09-17,246929,1060,891.0,6090,18,20.0
2020-09-16,245869,1157,872.0,6072,20,21.0
2020-09-15,244712,961,854.0,6052,20,22.0
2020-09-14,243751,1149,881.0,6032,18,23.0
2020-09-13,242602,307,771.0,6014,19,24.0
2020-09-12,242295,629,780.0,5995,19,25.0
2020-09-11,241666,977,755.0,5976,25,25.0
2020-09-10,240689,925,753.0,5951,25,26.0
2020-09-09,239764,1030,766.0,5926,28,26.0
2020-09-08,238734,1149,792.0,5898,28,25.0
2020-09-07,237585,377,783.0,5870,26,25.0
2020-09-06,237208,373,904.0,5844,22,25.0
2020-09-05,236835,451,910.0,5822,22,27.0
2020-09-04,236384,965,965.0,5800,30,29.0
2020-09-03,235419,1018,977.0,5770,24,28.0
2020-09-02,234401,1213,1001.0,5746,23,29.0
2020-09-01,233188,1082,1027.0,5723,28,29.0
2020-08-31,232106,1229,1051.0,5695,29,30.0
2020-08-30,230877,412,1094.0,5666,33,29.0
2020-08-29,230465,833,1106.0,5633,34,28.0
2020-08-28,229632,1054,1114.0,5599,22,29.0
2020-08-27,228578,1181,1151.0,5577,31,30.0
2020-08-26,227397,1395,1172.0,5546,28,31.0
2020-08-25,226002,1250,1175.0,5518,30,33.0
2020-08-24,224752,1532,1206.0,5488,25,33.0
2020-08-23,223220,498,1204.0,5463,29,35.0
2020-08-22,222722,889,1210.0,5434,37,36.0
2020-08-21,221833,1309,1238.0,5397,32,35.0
2020-08-20,220524,1330,1254.0,5365,37,35.0
2020-08-19,219194,1414,1280.0,5328,41,35.0
2020-08-18,217780,1467,1311.0,5287,29,33.0
2020-08-17,216313,1519,1339.0,5258,39,35.0
2020-08-16,214794,540,1414.0,5219,36,36.0
2020-08-15,214254,1086,1429.0,5183,32,36.0
2020-08-14,213168,1423,1458.0,5151,34,37.0
2020-08-13,211745,1510,1523.0,5117,31,37.0
2020-08-12,210235,1630,1572.0,5086,32,37.0
2020-08-11,208605,1666,1626.0,5054,43,38.0
2020-08-10,206939,2044,1701.0,5011,43,38.0
2020-08-09,204895,645,1719.0,4968,40,38.0
2020-08-08,204250,1286,1732.0,4928,35,38.0
2020-08-07,202964,1877,1781.0,4893,33,40.0
2020-08-06,201087,1853,1816.0,4860,36,40.0
2020-08-05,199234,2012,1874.0,4824,34,41.0
2020-08-04,197222,2188,1920.0,4790,47,42.0
2020-08-03,195034,2172,1974.0,4743,41,40.0
2020-08-02,192862,733,2035.0,4702,40,40.0
2020-08-01,192129,1629,2043.0,4662,47,40.0
2020-07-31,190500,2125,2101.0,4615,38,40.0
2020-07-30,188375,2260,2155.0,4577,41,40.0
2020-07-29,186115,2335,2204.0,4536,39,40.0
2020-07-28,183780,2564,2299.0,4497,32,42.0
2020-07-27,181216,2599,2394.0,4465,42,44.0
2020-07-26,178617,792,2509.0,4423,44,43.0
2020-07-25,177825,2030,2547.0,4379,46,42.0
2020-07-24,175795,2505,2593.0,4333,39,40.0
2020-07-23,173290,2604,2703.0,4294,38,40.0
2020-07-22,170686,2999,2817.0,4256,50,41.0
2020-07-21,167687,3227,2823.0,4206,46,39.0
2020-07-20,164460,3403,2845.0,4160,41,39.0
2020-07-19,161057,1061,2867.0,4119,37,41.0
2020-07-18,159996,2351,2892.0,4082,32,40.0
2020-07-17,157645,3279,2908.0,4050,36,40.0
2020-07-16,154366,3402,2909.0,4014,43,41.0
2020-07-15,150964,3037,2901.0,3971,37,39.0
2020-07-14,147927,3383,2951.0,3934,48,39.0
2020-07-13,144544,3556,2962.0,3886,55,37.0
2020-07-12,140988,1238,2841.0,3831,30,34.0
2020-07-11,139750,2464,2833.0,3801,33,35.0
2020-07-10,137286,3280,2611.0,3768,40,35.0
2020-07-09,134006,3350,2358.0,3728,32,34.0
2020-07-08,130656,3387,2342.0,3696,35,35.0
2020-07-07,127269,3456,2348.0,3661,33,34.0
2020-07-06,123813,2714,2289.0,3628,35,35.0
2020-07-05,121099,1182,2323.0,3593,39,34.0
2020-07-04,119917,906,2311.0,3554,28,34.0
2020-07-03,119011,1509,2474.0,3526,33,34.0
2020-07-02,117502,3242,2665.0,3493,41,34.0
2020-07-01,114260,3424,2619.0,3452,29,31.0
2020-06-30,110836,3045,2509.0,3423,38,33.0
2020-06-29,107791,2953,2421.0,3385,32,30.0
2020-06-28,104838,1098,2315.0,3353,40,30.0
2020-06-27,103740,2048,2293.0,3313,24,28.0
2020-06-26,101692,2847,2215.0,3289,31,31.0
2020-06-25,98845,2918,2065.0,3258,26,31.0
2020-06-24,95927,2654,1909.0,3232,37,32.0
2020-06-23,93273,2430,1804.0,3195,21,32.0
2020-06-22,90843,2210,1722.0,3174,30,32.0
2020-06-21,88633,947,1693.0,3144,30,33.0
2020-06-20,87686,1497,1680.0,3114,39,33.0
2020-06-19,86189,1799,1646.0,3075,35,31.0
2020-06-18,84390,1826,1603.0,3040,29,30.0
2020-06-17,82564,1916,1544.0,3011,40,29.0
2020-06-16,80648,1857,1486.0,2971,24,27.0
2020-06-15,78791,2008,1412.0,2947,32,29.0
2020-06-14,76783,856,1348.0,2915,29,30.0
2020-06-13,75927,1259,1325.0,2886,28,31.0
2020-06-12,74668,1497,1300.0,2858,29,32.0
2020-06-11,73171,1412,1284.0,2829,24,33.0
2020-06-10,71759,1510,1302.0,2805,26,36.0
2020-06-09,70249,1340,1277.0,2779,36,39.0
2020-06-08,68909,1562,1286.0,2743,38,38.0
2020-06-07,67347,696,1235.0,2705,35,38.0
2020-06-06,66651,1082,1205.0,2670,35,37.0
2020-06-05,65569,1383,1182.0,2635,40,38.0
2020-06-04,64186,1542,1197.0,2595,45,37.0
2020-06-03,62644,1335,1157.0,2550,45,35.0
2020-06-02,61309,1403,1164.0,2505,30,35.0
2020-06-01,59906,1203,1204.0,2475,37,37.0
2020-05-31,58703,487,1167.0,2438,30,35.0
2020-05-30,58216,919,1170.0,2408,37,36.0
2020-05-29,57297,1489,1145.0,2371,33,36.0
2020-05-28,55808,1264,1071.0,2338,32,37.0
2020-05-27,54544,1385,1025.0,2306,47,37.0
2020-05-26,53159,1683,993.0,2259,40,34.0
2020-05-25,51476,942,889.0,2219,28,35.0
2020-05-24,50534,508,920.0,2191,38,38.0
2020-05-23,50026,743,926.0,2153,34,38.0
2020-05-22,49283,971,928.0,2119,43,40.0
2020-05-21,48312,945,950.0,2076,27,40.0
2020-05-20,47367,1156,993.0,2049,29,41.0
2020-05-19,46211,957,964.0,2020,47,42.0
2020-05-18,45254,1163,983.0,1973,45,43.0
2020-05-17,44091,548,986.0,1928,38,40.0
2020-05-16,43543,757,991.0,1890,52,39.0
2020-05-15,42786,1121,983.0,1838,43,39.0
2020-05-14,41665,1250,966.0,1795,31,40.0
2020-05-13,40415,949,923.0,1764,41,43.0
2020-05-12,39466,1095,930.0,1723,48,44.0
2020-05-11,38371,1180,953.0,1675,28,43.0
2020-05-10,37191,587,918.0,1647,32,45.0
2020-05-09,36604,699,902.0,1615,50,47.0
2020-05-08,35905,999,903.0,1565,50,47.0
2020-05-07,34906,953,892.0,1515,50,45.0
2020-05-06,33953,999,887.0,1465,53,44.0
2020-05-05,32954,1257,886.0,1412,37,42.0
2020-05-04,31697,933,843.0,1375,44,45.0
2020-05-03,30764,474,864.0,1331,44,44.0
2020-05-02,30290,707,883.0,1287,49,43.0
2020-05-01,29583,923,910.0,1238,36,42.0
2020-04-30,28660,918,923.0,1202,45,43.0
2020-04-29,27742,992,931.0,1157,42,44.0
2020-04-28,26750,956,900.0,1115,54,45.0
2020-04-27,25794,1080,889.0,1061,37,43.0
2020-04-26,24714,602,868.0,1024,41,44.0
2020-04-25,24112,900,852.0,983,39,43.0
2020-04-24,23212,1014,811.0,944,44,43.0
2020-04-23,22198,972,785.0,900,51,43.0
2020-04-22,21226,776,756.0,849,47,44.0
2020-04-21,20450,876,766.0,802,40,42.0
2020-04-20,19574,937,735.0,762,47,43.0
2020-04-19,18637,489,698.0,715,36,42.0
2020-04-18,18148,613,690.0,679,38,42.0
2020-04-17,17535,833,671.0,641,39,41.0
2020-04-16,16702,765,635.0,602,58,40.0
2020-04-15,15937,846,608.0,544,35,37.0
2020-04-14,15091,662,573.0,509,47,37.0
2020-04-13,14429,678,579.0,462,42,34.0
2020-04-12,13751,435,559.0,420,37,31.0
2020-04-11,13316,476,581.0,383,30,29.0
2020-04-10,12840,582,598.0,353,30,27.0
2020-04-09,12258,574,627.0,323,35,27.0
2020-04-08,11684,606,634.0,288,40,25.0
2020-04-07,11078,701,635.0,248,25,22.0
2020-04-06,10377,537,626.0,223,17,21.0
2020-04-05,9840,592,637.0,206,23,20.0
2020-04-04,9248,591,605.0,183,21,19.0
2020-04-03,8657,788,577.0,162,26,17.0
2020-04-02,7869,620,518.0,136,22,14.0
2020-04-01,7249,614,483.0,114,19,12.0
2020-03-31,6635,638,457.0,95,17,10.0
2020-03-30,5997,616,406.0,78,11,8.0
2020-03-29,5381,370,360.0,67,15,8.0
2020-03-28,5011,393,343.0,52,8,6.0
2020-03-27,4618,375,315.0,44,9,5.0
2020-03-26,4243,373,297.0,35,4,4.0
2020-03-25,3870,436,275.0,31,7,4.0
2020-03-24,3434,281,239.0,24,3,3.0
2020-03-23,3153,291,229.0,21,7,3.0
2020-03-22,2862,253,219.0,14,4,2.0
2020-03-21,2609,195,207.0,10,3,1.0
2020-03-20,2414,252,200.0,7,3,1.0
2020-03-19,2162,217,185.0,4,4,1.0
2020-03-18,1945,187,177.0,0,0,0.0
2020-03-17,1758,208,169.0,0,0,0.0
2020-03-16,1550,222,153.0,0,0,0.0
2020-03-15,1328,168,134.0,0,0,0.0
2020-03-14,1160,144,116.0,0,0,0.0
2020-03-13,1016,152,102.0,0,0,0.0
2020-03-12,864,157,86.0,0,0,0.0
2020-03-11,707,132,68.0,0,0,0.0
2020-03-10,575,96,52.0,0,0,0.0
2020-03-09,479,87,40.0,0,0,0.0
2020-03-08,392,47,31.0,0,0,0.0
2020-03-07,345,41,28.0,0,0,0.0
2020-03-06,304,43,,0,0,
2020-03-05,261,33,,0,0,
2020-03-04,228,19,,0,0,
2020-03-03,209,13,,0,0,
2020-03-02,196,19,,0,0,
2020-03-01,177,25,,0,0,
